20.393053374841525
19.960151929631557
19.552715275316313
19.17074341189576
18.814236339369916
18.483194057738775
18.17761656700233
17.897503867160598
17.642855958213563
17.413672840161233
17.209954513003606
17.031700976740684
16.878912231372464
16.751588276898946
16.649729113320134
16.573334740636025
16.522405158846617
16.496940367951915
16.48845210432035
16.462987313425646
16.41205773163624
16.33566335895213
16.233804195373317
16.1064802408998
15.95369149553158
15.775437959268658
15.57171963211103
15.3425365140587
15.087888605111665
14.80777590526993
14.502198414533488
14.171156132902347
13.814649060376501
13.432677196955952
13.025240542640697
12.592339097430738
12.133972861326097
11.650141834326737
11.140846016432668
10.60608540764389
10.045860007960448
9.460169817382251
8.849014835909372
8.212395063541793
7.550310500279531
6.862761146122551
6.149747001070835
5.411268065124454
4.647324338283373
3.8579158205475554
3.0430425119170375
2.202704412391856
1.3369015219719012
0.445633840657246
-0.4710986315519632
-1.4132958946560188
-2.3809579486547015
-3.3740847935480844
-4.392676429336241
-5.436732856018952
-6.506254073596509
-7.601240082068839
-8.72169088143565
-9.867606471697234
-11.03898685285374
-12.235832024904724
-13.458141987850482
-14.705916741690867
-15.979156286426026
-17.277860622055957
-18.602029748580517
-19.951663665999995
-21.326762374313954
-22.727325873522688
-24.153354163626194
-25.60484724462418
-27.081805116517234
-28.58422777930477
-30.112115232987076
-31.665467477563865
-33.24428451303484
-34.848566339401174
-36.47831295666228
-38.13352436481816
-39.81420056386852
-41.52034155381307
-43.251947334652975
-45.009017906387655
-46.791553269017115
-48.59955342254135
-50.43301836695918
-52.29194810227237
-54.176342628480334
-56.08620194558249
-58.02152605358
-59.982314952471114
-61.96856864225759
-63.98028712293825
-66.01747039451544
-68.08011845698682
-70.1682313103524
-72.28180895461274
-74.42085138976728
-76.58535861581717
-78.77533063276184
-80.9907674406001
-83.2316690393343
-85.49803542896211
-87.78986660948469
-90.10716258090322
-92.44992334321535
-94.81814889642342
-97.2118392405251
-99.63099437552272
-102.07561430141394
-104.5456990182011
-107.04124852588188
-109.5622628244586
-112.10874191392774
-114.68068579429284
-117.27809446555271
-119.90096792770736
-122.5493061807556
-125.22310922469978
-127.9223770595364
-130.6471096852678
-133.3973071018963
-136.17296930942075
-138.97409630783648
-141.80068809714578
-144.65274467735105
-147.53026604845226
-150.43325221044708
-153.36170316334017
-156.3156189071292
-159.29499944180714
-162.29984476738105
-165.3301548838509
-168.38592979121435
-171.46716948947375
-174.57387397862908
-177.70604325867802
-180.86367732962057
-184.04677619145906
-187.25533984419116
-190.4893682878192
-193.74886152233847
-197.03381954775372
-200.3442423640649
-203.6801299712697
-207.04148236937044
-210.42829955836478
-213.8405815382527
-217.27832830903424
-220.74153987071873
-224.23021622329915
-227.74435736677086
-231.28396330113384
-234.84903402639276
-238.43956954254293
-242.05556984959372
-245.69703494754046
-249.36396483636912
-253.05635951610307
-256.7742189867283
-260.5175432482494
-264.2863323006665
-268.08058614398425
-271.90030477819323
-275.7454882032888
-279.616136419285
-283.5122494261771
-287.4338272239605
-291.3808698126352
-295.3533771922105
-299.3513493626864
-303.37478632404424
-307.423688076298
-311.49805461945704
-315.597885953498
-319.72318207844427
-323.8739429942771
-328.0501687010106
-332.2518591986353
-336.47901448716067
-340.7316345665726
-345.0097194368805
-349.31326909808905
-353.6422835501842
-357.99676279317987
-362.37670682706687
-366.7821156518545
-371.212989267524
-375.6693276740941
-380.1511308715649
-384.6583988599269
-389.1911316391802
-393.74932920933406
-398.33299157037925

